,ball,batsman,batsman_id,bowler,bowler_id,commentary,innings,otherBatsman,otherBatsman_id,otherBowler,otherBowler_id,overs,playType,runs,runs_scored,score,shortText,speed,text,wickets
0,1,Martin Guptill,226492,Dushmantha Chameera,552152,"Chameera to Guptill, 1 run good length on leg to start, easy clip for Guptill to get off and running. Mid-on cleans up.",1st innings,Tom Latham,388802,,,0.1,run,1,1,1/0,"Chameera to Guptill, 1 run",,"good length on leg to start, easy clip for Guptill to get off and running. Mid-on cleans up.",0
1,2,Tom Latham,388802,Dushmantha Chameera,552152,"Chameera to Latham, no run 141 kph, full and wide outside off. Nice pace, latham goes to drive but is beaten. Not much swing.",1st innings,Martin Guptill,226492,,,0.2,no run,1,0,1/0,"Chameera to Latham, no run",,"141 kph, full and wide outside off. Nice pace, latham goes to drive but is beaten. Not much swing.",0
2,3,Tom Latham,388802,Dushmantha Chameera,552152,"Chameera to Latham, 1 run that's a good run, back of a length on off. Latham plays it with soft hands towards gully for a quick single",1st innings,Martin Guptill,226492,,,0.3,run,2,1,2/0,"Chameera to Latham, 1 run",,"that's a good run, back of a length on off. Latham plays it with soft hands towards gully for a quick single",0
3,4,Martin Guptill,226492,Dushmantha Chameera,552152,"Chameera to Guptill, no run good stuff this from Chameera, fullish on off and middle. Guptill can only defend from the crease",1st innings,Tom Latham,388802,,,0.4,no run,2,0,2/0,"Chameera to Guptill, no run",,"good stuff this from Chameera, fullish on off and middle. Guptill can only defend from the crease",0
4,5,Martin Guptill,226492,Dushmantha Chameera,552152,"Chameera to Guptill, no run ooh, Guptill goes for a wild hoick. Good length delivery and the shot was there to play, but the ball skids on and Guptill can only inside-edge towards his pad",1st innings,Tom Latham,388802,,,0.5,no run,2,0,2/0,"Chameera to Guptill, no run",,"ooh, Guptill goes for a wild hoick. Good length delivery and the shot was there to play, but the ball skids on and Guptill can only inside-edge towards his pad",0
5,6,Martin Guptill,226492,Dushmantha Chameera,552152,"Chameera to Guptill, 1 run good start for SL. Fullish on leg, Guptill backs away and swipes to deep square leg",1st innings,Tom Latham,388802,,,0.6,run,3,1,3/0,"Chameera to Guptill, 1 run",,"good start for SL. Fullish on leg, Guptill backs away and swipes to deep square leg",0
6,7,Martin Guptill,226492,Thisara Perera,233514,"Perera to Guptill, no run slower ball to start, 106 kph. Full on off and Guptill goes after it with a good uppish drive. Lands on the bounce to mid-off",1st innings,Tom Latham,388802,Dushmantha Chameera,552152,1.1,no run,3,0,3/0,"Perera to Guptill, no run",,"slower ball to start, 106 kph. Full on off and Guptill goes after it with a good uppish drive. Lands on the bounce to mid-off",0
7,8,Martin Guptill,226492,Thisara Perera,233514,"Perera to Guptill, no run wow, trying to hit it too hard here is Guptill. Full and wide outside off, Guptill goes for a lofted upper drive but fails to connect. That was expansive",1st innings,Tom Latham,388802,Dushmantha Chameera,552152,1.2,no run,3,0,3/0,"Perera to Guptill, no run",,"wow, trying to hit it too hard here is Guptill. Full and wide outside off, Guptill goes for a lofted upper drive but fails to connect. That was expansive",0
8,9,Martin Guptill,226492,Thisara Perera,233514,"Perera to Guptill, 1 run quick single and they get through. Slower yorker outside off, Guptill chops towards cover and sets off immediately. Would have been close with a direct hit",1st innings,Tom Latham,388802,Dushmantha Chameera,552152,1.3,run,4,1,4/0,"Perera to Guptill, 1 run",,"quick single and they get through. Slower yorker outside off, Guptill chops towards cover and sets off immediately. Would have been close with a direct hit",0
9,10,Tom Latham,388802,Thisara Perera,233514,"Perera to Latham, no run lovely lines. Full on off, Latham blocks back",1st innings,Martin Guptill,226492,Dushmantha Chameera,552152,1.4,no run,4,0,4/0,"Perera to Latham, no run",,"lovely lines. Full on off, Latham blocks back",0
10,11,Tom Latham,388802,Thisara Perera,233514,"Perera to Latham, 3 runs lovely shot, but the ball doesn't go to the boundary. Fullish slower ball outside off, Latham clips deep into the midwicket region with an uppish flick. Pulled back just inside the boundary, they get three.",1st innings,Martin Guptill,226492,Dushmantha Chameera,552152,1.5,run,7,3,7/0,"Perera to Latham, 3 runs",,"lovely shot, but the ball doesn't go to the boundary. Fullish slower ball outside off, Latham clips deep into the midwicket region with an uppish flick. Pulled back just inside the boundary, they get three.",0
11,12,Martin Guptill,226492,Thisara Perera,233514,"Perera to Guptill, FOUR runs ",1st innings,Tom Latham,388802,Dushmantha Chameera,552152,1.6,four,11,4,11/0,"Perera to Guptill, FOUR runs",,,0
12,13,Tom Latham,388802,Dushmantha Chameera,552152,"Chameera to Latham, FOUR runs ",1st innings,Martin Guptill,226492,Thisara Perera,233514,2.1,four,15,4,15/0,"Chameera to Latham, FOUR runs",,,0
13,14,Tom Latham,388802,Dushmantha Chameera,552152,"Chameera to Latham, 1 run shortish length on middle and leg from around the wicket, Latham tucks to short fine leg",1st innings,Martin Guptill,226492,Thisara Perera,233514,2.2,run,16,1,16/0,"Chameera to Latham, 1 run",,"shortish length on middle and leg from around the wicket, Latham tucks to short fine leg",0
14,15,Martin Guptill,226492,Dushmantha Chameera,552152,"Chameera to Guptill, SIX runs what a shot! Fullish outside off, Guptill clears his foot and launches a lofted drive over long-off. Superb shot, kept his shape and went over the infield. Wonderful timing helps the ball clear the boundary by a good distance.",1st innings,Tom Latham,388802,Thisara Perera,233514,2.3,six,22,6,22/0,"Chameera to Guptill, SIX runs",,"what a shot! Fullish outside off, Guptill clears his foot and launches a lofted drive over long-off. Superb shot, kept his shape and went over the infield. Wonderful timing helps the ball clear the boundary by a good distance.",0
15,16,Martin Guptill,226492,Dushmantha Chameera,552152,"Chameera to Guptill, SIX runs that has disappeared into the clouds. Slower ball on off and middle, Guptill gets down on one knee and thumps a ball with a lot of elevation but there is so much bat on it, that it carries comfortably to the long-on boundary",1st innings,Tom Latham,388802,Thisara Perera,233514,2.4,six,28,6,28/0,"Chameera to Guptill, SIX runs",,"that has disappeared into the clouds. Slower ball on off and middle, Guptill gets down on one knee and thumps a ball with a lot of elevation but there is so much bat on it, that it carries comfortably to the long-on boundary",0
16,16,Martin Guptill,226492,Dushmantha Chameera,552152,"Chameera to Guptill, (no ball) 2 runs poor from SL. Chameera has overstepped, full toss on middle and Guptill pats it towards mid-on, the fielder fumbles allowing Guptill to get back for the free hit",1st innings,Tom Latham,388802,Thisara Perera,233514,2.4,run,31,3,31/0,"Chameera to Guptill, (no ball) 2 runs",,"poor from SL. Chameera has overstepped, full toss on middle and Guptill pats it towards mid-on, the fielder fumbles allowing Guptill to get back for the free hit",0
17,17,Martin Guptill,226492,Dushmantha Chameera,552152,"Chameera to Guptill, SIX runs huge six again. Poor bowling, short on leg to this man is asking for trouble. Guptill stays in his crease, clears his front foot and wallops the pull deep over the square leg boundary. Humongous.",1st innings,Tom Latham,388802,Thisara Perera,233514,2.5,six,37,6,37/0,"Chameera to Guptill, SIX runs",,"huge six again. Poor bowling, short on leg to this man is asking for trouble. Guptill stays in his crease, clears his front foot and wallops the pull deep over the square leg boundary. Humongous.",0
18,18,Martin Guptill,226492,Dushmantha Chameera,552152,"Chameera to Guptill, no run full and wide, Guptill belts it with a lot of power but he find cover",1st innings,Tom Latham,388802,Thisara Perera,233514,2.6,no run,37,0,37/0,"Chameera to Guptill, no run",,"full and wide, Guptill belts it with a lot of power but he find cover",0
19,19,Tom Latham,388802,Thisara Perera,233514,"Perera to Latham, no run Latham shimmies down the track and inside-halves to midwicket. He'd be better off giving MG the strike, I presume.",1st innings,Martin Guptill,226492,Dushmantha Chameera,552152,3.1,no run,37,0,37/0,"Perera to Latham, no run",,"Latham shimmies down the track and inside-halves to midwicket. He'd be better off giving MG the strike, I presume.",0
20,20,Tom Latham,388802,Thisara Perera,233514,"Perera to Latham, OUT gone! Latham is gone. Back of a length outside off, Latham was looking for the single with a dab to third man but can only feather one through to the keeper. SL have to keep chipping away at these wickets. Latham trudges off.",1st innings,Martin Guptill,226492,Dushmantha Chameera,552152,3.2,out,37,0,37/1,"Perera to Latham, OUT",,"gone! Latham is gone. Back of a length outside off, Latham was looking for the single with a dab to third man but can only feather one through to the keeper. SL have to keep chipping away at these wickets. Latham trudges off.",1
21,21,Kane Williamson,277906,Thisara Perera,233514,"Perera to Williamson, no run back of a length on off, KW turns this with a wristy flick to mid-on",1st innings,Martin Guptill,226492,Dushmantha Chameera,552152,3.3,no run,37,0,37/1,"Perera to Williamson, no run",,"back of a length on off, KW turns this with a wristy flick to mid-on",1
22,22,Kane Williamson,277906,Thisara Perera,233514,"Perera to Williamson, no run sticks to that back of a length outside off, KW gets on his toes to punch but finds cover",1st innings,Martin Guptill,226492,Dushmantha Chameera,552152,3.4,no run,37,0,37/1,"Perera to Williamson, no run",,"sticks to that back of a length outside off, KW gets on his toes to punch but finds cover",1
23,23,Kane Williamson,277906,Thisara Perera,233514,"Perera to Williamson, FOUR runs gives himself room and finds the gap. That is some shot. Back of a length on off, KW backs away and finds the gap through point with a square drive. Nothing wrong with the delivery.",1st innings,Martin Guptill,226492,Dushmantha Chameera,552152,3.5,four,41,4,41/1,"Perera to Williamson, FOUR runs",,"gives himself room and finds the gap. That is some shot. Back of a length on off, KW backs away and finds the gap through point with a square drive. Nothing wrong with the delivery.",1
24,24,Kane Williamson,277906,Thisara Perera,233514,"Perera to Williamson, 1 run 129 kph, fullish on off, KW skips down the track to steer to third man",1st innings,Martin Guptill,226492,Dushmantha Chameera,552152,3.6,run,42,1,42/1,"Perera to Williamson, 1 run",,"129 kph, fullish on off, KW skips down the track to steer to third man",1
25,25,Kane Williamson,277906,Nuwan Kulasekara,49535,"Kulasekara to Williamson, no run looks to run it down to third man again but this time he can't find a bit of bat. Good delivery from NK. A bit of away seam movement",1st innings,Martin Guptill,226492,Thisara Perera,233514,4.1,no run,42,0,42/1,"Kulasekara to Williamson, no run",,looks to run it down to third man again but this time he can't find a bit of bat. Good delivery from NK. A bit of away seam movement,1
26,26,Kane Williamson,277906,Nuwan Kulasekara,49535,"Kulasekara to Williamson, no run shortish outside off, KW flays a cut but finds point",1st innings,Martin Guptill,226492,Thisara Perera,233514,4.2,no run,42,0,42/1,"Kulasekara to Williamson, no run",,"shortish outside off, KW flays a cut but finds point",1
27,27,Kane Williamson,277906,Nuwan Kulasekara,49535,"Kulasekara to Williamson, 2 runs this time he gets a gap. Fullish on middle and KW walks across to tickle it fine pats short fine leg, he'll get a couple.",1st innings,Martin Guptill,226492,Thisara Perera,233514,4.3,run,44,2,44/1,"Kulasekara to Williamson, 2 runs",,"this time he gets a gap. Fullish on middle and KW walks across to tickle it fine pats short fine leg, he'll get a couple.",1
28,28,Kane Williamson,277906,Nuwan Kulasekara,49535,"Kulasekara to Williamson, 1 run did not quite hit it well enough, raced down the pitch to try and clear the mid-off fielder, KW hits to mid-off for a quick run",1st innings,Martin Guptill,226492,Thisara Perera,233514,4.4,run,45,1,45/1,"Kulasekara to Williamson, 1 run",,"did not quite hit it well enough, raced down the pitch to try and clear the mid-off fielder, KW hits to mid-off for a quick run",1
29,29,Martin Guptill,226492,Nuwan Kulasekara,49535,"Kulasekara to Guptill, OUT Out, plumb in front. Speared in the blockhole on middle, Guptill walks across to try and find the square leg boundary but misses and is struck right in front. Absolutely dead and Guptill has to walk off, writhing in pain from the yorker hitting him flush on the foot.",1st innings,Kane Williamson,277906,Thisara Perera,233514,4.5,out,45,0,45/2,"Kulasekara to Guptill, OUT",,"Out, plumb in front. Speared in the blockhole on middle, Guptill walks across to try and find the square leg boundary but misses and is struck right in front. Absolutely dead and Guptill has to walk off, writhing in pain from the yorker hitting him flush on the foot.",2
30,30,Ross Taylor,38699,Nuwan Kulasekara,49535,"Kulasekara to Taylor, 1 run nicely played, pushed to mid-on for a quick single. Judged it well, safe even with a direct hit.",1st innings,Kane Williamson,277906,Thisara Perera,233514,4.6,run,46,1,46/2,"Kulasekara to Taylor, 1 run",,"nicely played, pushed to mid-on for a quick single. Judged it well, safe even with a direct hit.",2
31,30,Ross Taylor,38699,Milinda Siriwardana,222354,"Siriwardana to Taylor, 1 wide tossed up but drifts down leg, wide",1st innings,Kane Williamson,277906,Nuwan Kulasekara,49535,5.0,wide,47,1,47/2,"Siriwardana to Taylor, 1 wide",,"tossed up but drifts down leg, wide",2
32,31,Ross Taylor,38699,Milinda Siriwardana,222354,"Siriwardana to Taylor, no run very flat on off, extracts a bit of turn. Taylor wants to clip to leg but is taken aback by a bit of turn. Pats to the bowler",1st innings,Kane Williamson,277906,Nuwan Kulasekara,49535,5.1,no run,47,0,47/2,"Siriwardana to Taylor, no run",,"very flat on off, extracts a bit of turn. Taylor wants to clip to leg but is taken aback by a bit of turn. Pats to the bowler",2
33,32,Ross Taylor,38699,Milinda Siriwardana,222354,"Siriwardana to Taylor, no run nice and flat on off. Pushed towards cover",1st innings,Kane Williamson,277906,Nuwan Kulasekara,49535,5.2,no run,47,0,47/2,"Siriwardana to Taylor, no run",,nice and flat on off. Pushed towards cover,2
34,33,Ross Taylor,38699,Milinda Siriwardana,222354,"Siriwardana to Taylor, no run lovely pressure. Floated up on middle, Taylor advances but nudges to midwicket who dives and stops",1st innings,Kane Williamson,277906,Nuwan Kulasekara,49535,5.3,no run,47,0,47/2,"Siriwardana to Taylor, no run",,"lovely pressure. Floated up on middle, Taylor advances but nudges to midwicket who dives and stops",2
35,34,Ross Taylor,38699,Milinda Siriwardana,222354,"Siriwardana to Taylor, 1 run flat and quick outside off, crashed to the sweeper cover",1st innings,Kane Williamson,277906,Nuwan Kulasekara,49535,5.4,run,48,1,48/2,"Siriwardana to Taylor, 1 run",,"flat and quick outside off, crashed to the sweeper cover",2
36,35,Kane Williamson,277906,Milinda Siriwardana,222354,"Siriwardana to Williamson, 2 runs slightly shortish outside off, KW goes deep and cuts late past point, earning him a couple",1st innings,Ross Taylor,38699,Nuwan Kulasekara,49535,5.5,run,50,2,50/2,"Siriwardana to Williamson, 2 runs",,"slightly shortish outside off, KW goes deep and cuts late past point, earning him a couple",2
37,36,Kane Williamson,277906,Milinda Siriwardana,222354,"Siriwardana to Williamson, 1 run some flight on middle, Williamson races down to meet the ball as it pitched to drill to long-on",1st innings,Ross Taylor,38699,Nuwan Kulasekara,49535,5.6,run,51,1,51/2,"Siriwardana to Williamson, 1 run",,"some flight on middle, Williamson races down to meet the ball as it pitched to drill to long-on",2
38,37,Kane Williamson,277906,Dushmantha Chameera,552152,"Chameera to Williamson, 1 run fullish on off, KW dabs it late to third man. Good option to produce a run",1st innings,Ross Taylor,38699,Milinda Siriwardana,222354,6.1,run,52,1,52/2,"Chameera to Williamson, 1 run",,"fullish on off, KW dabs it late to third man. Good option to produce a run",2
39,38,Ross Taylor,38699,Dushmantha Chameera,552152,"Chameera to Taylor, 1 run shortish outside off, Taylor too cuts down to third man to get a run",1st innings,Kane Williamson,277906,Milinda Siriwardana,222354,6.2,run,53,1,53/2,"Chameera to Taylor, 1 run",,"shortish outside off, Taylor too cuts down to third man to get a run",2
40,39,Kane Williamson,277906,Dushmantha Chameera,552152,"Chameera to Williamson, OUT taken, KW goes now. Full delivery on middle, Williamson closes the bat-face, looking towards the midwicket region and gets a leading edge which lobs back to Chameera to take. Big wicket, KW walks back.",1st innings,Ross Taylor,38699,Milinda Siriwardana,222354,6.3,out,53,0,53/3,"Chameera to Williamson, OUT",,"taken, KW goes now. Full delivery on middle, Williamson closes the bat-face, looking towards the midwicket region and gets a leading edge which lobs back to Chameera to take. Big wicket, KW walks back.",3
41,40,Henry Nicholls,539511,Dushmantha Chameera,552152,"Chameera to Nicholls, no run back of a length on off, blocked with a high elbow towards cover",1st innings,Ross Taylor,38699,Milinda Siriwardana,222354,6.4,no run,53,0,53/3,"Chameera to Nicholls, no run",,"back of a length on off, blocked with a high elbow towards cover",3
42,41,Henry Nicholls,539511,Dushmantha Chameera,552152,"Chameera to Nicholls, no run overly full outside off but Nicholls opens up the face to steer to point",1st innings,Ross Taylor,38699,Milinda Siriwardana,222354,6.5,no run,53,0,53/3,"Chameera to Nicholls, no run",,overly full outside off but Nicholls opens up the face to steer to point,3
43,42,Henry Nicholls,539511,Dushmantha Chameera,552152,"Chameera to Nicholls, 1 run good end. Shortish length on off and middle, Nicholls gets high on his toes to nurdle towards mid-on for a quick single. Great over",1st innings,Ross Taylor,38699,Milinda Siriwardana,222354,6.6,run,54,1,54/3,"Chameera to Nicholls, 1 run",,"good end. Shortish length on off and middle, Nicholls gets high on his toes to nurdle towards mid-on for a quick single. Great over",3
44,43,Henry Nicholls,539511,Milinda Siriwardana,222354,"Siriwardana to Nicholls, 1 run short delivery outside off, skids onto the bat as Nicholls cuts to the sweeper cover",1st innings,Ross Taylor,38699,Dushmantha Chameera,552152,7.1,run,55,1,55/3,"Siriwardana to Nicholls, 1 run",,"short delivery outside off, skids onto the bat as Nicholls cuts to the sweeper cover",3
45,44,Ross Taylor,38699,Milinda Siriwardana,222354,"Siriwardana to Taylor, 1 run overpitched on leg, Taylor drives to long-on for one",1st innings,Henry Nicholls,539511,Dushmantha Chameera,552152,7.2,run,56,1,56/3,"Siriwardana to Taylor, 1 run",,"overpitched on leg, Taylor drives to long-on for one",3
46,44,Henry Nicholls,539511,Milinda Siriwardana,222354,"Siriwardana to Nicholls, 1 wide what happened there? Completely slipped out of the hands. Umpire Billy calls it a no ball before changing to wide. Slips out his hands and bounces once on the pitch before bouncing two or three times in the adjacent pitch.",1st innings,Ross Taylor,38699,Dushmantha Chameera,552152,7.2,wide,57,1,57/3,"Siriwardana to Nicholls, 1 wide",,what happened there? Completely slipped out of the hands. Umpire Billy calls it a no ball before changing to wide. Slips out his hands and bounces once on the pitch before bouncing two or three times in the adjacent pitch.,3
